Model Statistics:
# of Layers: 6
Total # of Neurons: 82
Total # of Epochs ran before Stopping: 40Training Statistics:
Loss: [0.5991696119308472, 0.35555556416511536]
MSE: 9      0.730322
184    0.671626
120    0.605225
207    0.282614
148    0.552514
214    1.179936
182    0.695579
86     0.309395
178    0.195550
175    0.695579
68     0.701087
15     0.167806
200    0.302687
25     0.813773
30     0.243414
45     1.390744
60     0.701087
176    0.695579
101    0.466758
165    0.195550
79     1.418592
18     0.167806
167    0.195550
152    0.552514
96     0.688083
82     1.418592
193    0.302687
172    0.195550
220    0.841683
104    0.466758
118    0.459352
75     1.418592
16     0.167806
198    0.302687
201    0.302687
117    0.459353
195    0.302687
114    0.466758
111    0.459353
144    0.689275
141    0.689275
213    1.179936
143    0.689275
222    0.841683
142    0.689275
dtype: float64
MSE Median: 0.5525137569315166
Absolute Deviation: 9      0.177809
184    0.119112
120    0.052711
207    0.269900
148    0.000000
214    0.627422
182    0.143065
86     0.243118
178    0.356963
175    0.143065
68     0.148573
15     0.384708
200    0.249827
25     0.261259
30     0.309100
45     0.838230
60     0.148573
176    0.143065
101    0.085755
165    0.356963
79     0.866078
18     0.384708
167    0.356963
152    0.000000
96     0.135570
82     0.866078
193    0.249827
172    0.356963
220    0.289169
104    0.085755
118    0.093161
75     0.866078
16     0.384708
198    0.249827
201    0.249827
117    0.093161
195    0.249827
114    0.085755
111    0.093161
144    0.136762
141    0.136762
213    0.627422
143    0.136762
222    0.289169
142    0.136762
dtype: float64
Median Absolute Deviation: 0.2498271552685769